                                       1                                        2                                        3                                        4                                        5                                        6                                        7                                        8 
                          version_number                                 compiler                                    build                         MESA_SDK_version                             math_backend                                     date                                burn_min1                                burn_min2 
                                 "12778"                               "gfortran"                                  "9.2.0"                    "x86_64-linux-20.3.2"                                 "CRMATH"                               "20200614"                  5.0000000000000000E+001                  1.0000000000000000E+003 

                                       1                                        2                                        3                                        4                                        5                                        6                                        7                                        8 
                            model_number                                 star_age                                star_mass                               luminosity                                   radius                           surf_avg_omega                              num_retries                              num_backups 
                                      21                  2.2502559954684833E-003                  2.0000000000000000E-002                  2.1778598298527682E-001                  5.9061374631869556E+000                  0.0000000000000000E+000                                        0                                        0 
                                      30                  1.1818815689988486E-002                  2.0000000000000000E-002                  2.1777564903514857E-001                  5.9061073646357620E+000                  0.0000000000000000E+000                                        0                                        0 
                                      40                  7.3438578398454288E-002                  2.0000000000000000E-002                  2.1776695091686535E-001                  5.9059088570444507E+000                  0.0000000000000000E+000                                        0                                        0 
                                      50                  4.5497190750010724E-001                  2.0000000000000000E-002                  2.1771315243341111E-001                  5.9047694358866858E+000                  0.0000000000000000E+000                                        0                                        0 
                                      60                  2.8173257176583366E+000                  2.0000000000000000E-002                  2.1738078435994151E-001                  5.8977488391256703E+000                  0.0000000000000000E+000                                        0                                        0 
                                      70                  1.7444397846610453E+001                  2.0000000000000000E-002                  2.1537797121793592E-001                  5.8554021150437734E+000                  0.0000000000000000E+000                                        0                                        0 
                                      80                  7.3984043757280347E+001                  2.0000000000000000E-002                  2.0836546133181316E-001                  5.7070950126851407E+000                  0.0000000000000000E+000                                        0                                        0 
                                      90                  1.4647585974172455E+002                  2.0000000000000000E-002                  2.0068063286869459E-001                  5.5442864537224370E+000                  0.0000000000000000E+000                                        0                                        0 
                                     100                  2.2970835726146194E+002                  2.0000000000000000E-002                  1.9316557372671556E-001                  5.3845601355376020E+000                  0.0000000000000000E+000                                        0                                        0 
                                     110                  3.2468411101252644E+002                  2.0000000000000000E-002                  1.8583123793451004E-001                  5.2279580463834234E+000                  0.0000000000000000E+000                                        0                                        0 
                                     120                  4.3242758272292872E+002                  2.0000000000000000E-002                  1.7869174339286359E-001                  5.0746132367862860E+000                  0.0000000000000000E+000                                        0                                        0 
                                     130                  5.5412756452289534E+002                  2.0000000000000000E-002                  1.7175433297637305E-001                  4.9245410679200221E+000                  0.0000000000000000E+000                                        0                                        0 
                                     140                  6.9116498771340162E+002                  2.0000000000000000E-002                  1.6502114139495239E-001                  4.7776430717761489E+000                  0.0000000000000000E+000                                        0                                        0 
                                     150                  8.4492466239865394E+002                  2.0000000000000000E-002                  1.5849417499150545E-001                  4.6339276058569840E+000                  0.0000000000000000E+000                                        0                                        0 
                                     160                  1.0168527267773004E+003                  2.0000000000000000E-002                  1.5218255527875893E-001                  4.4934577061010570E+000                  0.0000000000000000E+000                                        0                                        0 
                                     170                  1.2087110280764336E+003                  2.0000000000000000E-002                  1.4608073891458076E-001                  4.3561475819995321E+000                  0.0000000000000000E+000                                        0                                        0 
                                     180                  1.4219258312141226E+003                  2.0000000000000000E-002                  1.4020325609007545E-001                  4.2222126791460779E+000                  0.0000000000000000E+000                                        0                                        0 
                                     190                  1.6581983399547155E+003                  2.0000000000000000E-002                  1.3454813217443151E-001                  4.0916711096814655E+000                  0.0000000000000000E+000                                        0                                        0 
                                     200                  1.9194757255201532E+003                  2.0000000000000000E-002                  1.2910777682029417E-001                  3.9644936204897485E+000                  0.0000000000000000E+000                                        0                                        0 
                                     210                  2.2081162011320721E+003                  2.0000000000000000E-002                  1.2386813931366310E-001                  3.8405673481375890E+000                  0.0000000000000000E+000                                        0                                        0 
                                     220                  2.5261234168465453E+003                  2.0000000000000000E-002                  1.1882745335112505E-001                  3.7199966166096843E+000                  0.0000000000000000E+000                                        0                                        0 
                                     230                  2.8758556946339304E+003                  2.0000000000000000E-002                  1.1398069549258252E-001                  3.6027656237428429E+000                  0.0000000000000000E+000                                        0                                        0 
                                     240                  3.2597408017863468E+003                  2.0000000000000000E-002                  1.0932556944846346E-001                  3.4888808837287999E+000                  0.0000000000000000E+000                                        0                                        0 
                                     250                  3.6801347014064586E+003                  2.0000000000000000E-002                  1.0486445879745714E-001                  3.3783963238265518E+000                  0.0000000000000000E+000                                        0                                        0 
                                     260                  4.1406865084285519E+003                  2.0000000000000000E-002                  1.0058696199614839E-001                  3.2710726784817239E+000                  0.0000000000000000E+000                                        0                                        0 
                                     270                  4.6439715308954956E+003                  2.0000000000000000E-002                  9.6497312726553666E-002                  3.1669884731186850E+000                  0.0000000000000000E+000                                        0                                        0 
                                     280                  5.1939067893146412E+003                  2.0000000000000000E-002                  9.2587881789287230E-002                  3.0659647381546988E+000                  0.0000000000000000E+000                                        0                                        0 
                                     290                  5.7932469134305966E+003                  2.0000000000000000E-002                  8.8864019657300106E-002                  2.9680891200326402E+000                  0.0000000000000000E+000                                        0                                        0 
                                     300                  6.4463015392911939E+003                  2.0000000000000000E-002                  8.5320612813103533E-002                  2.8732096165536638E+000                  0.0000000000000000E+000                                        0                                        0 
                                     310                  7.1573310314030714E+003                  2.0000000000000000E-002                  8.1954441441486711E-002                  2.7812260600549275E+000                  0.0000000000000000E+000                                        0                                        0 
                                     320                  7.9302798588342675E+003                  2.0000000000000000E-002                  7.8763424089337591E-002                  2.6920813073868888E+000                  0.0000000000000000E+000                                        0                                        0 
                                     330                  8.7696201792178599E+003                  2.0000000000000000E-002                  7.5745971967610598E-002                  2.6056814001134221E+000                  0.0000000000000000E+000                                        0                                        0 
                                     340                  9.6789460281361753E+003                  2.0000000000000000E-002                  7.2902970778162296E-002                  2.5220424514336601E+000                  0.0000000000000000E+000                                        0                                        0 
                                     350                  1.0662029799198926E+004                  2.0000000000000000E-002                  7.0234970317875428E-002                  2.4411378204976644E+000                  0.0000000000000000E+000                                        0                                        0 
                                     360                  1.1722507869078656E+004                  2.0000000000000000E-002                  6.7742631994160640E-002                  2.3629205652940315E+000                  0.0000000000000000E+000                                        0                                        0 
                                     370                  1.2865644635344081E+004                  2.0000000000000000E-002                  6.5420590300485928E-002                  2.2872245629037447E+000                  0.0000000000000000E+000                                        0                                        0 
                                     380                  1.4094342107271506E+004                  2.0000000000000000E-002                  6.3267038916491436E-002                  2.2140376173451024E+000                  0.0000000000000000E+000                                        0                                        0 
                                     390                  1.5413853713103063E+004                  2.0000000000000000E-002                  6.1269254577295873E-002                  2.1431847471195011E+000                  0.0000000000000000E+000                                        0                                        0 
                                     400                  1.6828219305986102E+004                  2.0000000000000000E-002                  5.9411977185737951E-002                  2.0745810217162592E+000                  0.0000000000000000E+000                                        0                                        0 
                                     410                  1.8338863617555180E+004                  2.0000000000000000E-002                  5.7679724982076686E-002                  2.0082708094882293E+000                  0.0000000000000000E+000                                        0                                        0 
                                     420                  1.9950320072165221E+004                  2.0000000000000000E-002                  5.6047830488450447E-002                  1.9441559585077597E+000                  0.0000000000000000E+000                                        0                                        0 
                                     430                  2.1669555145573315E+004                  2.0000000000000000E-002                  5.4490941548628678E-002                  1.8820769262580921E+000                  0.0000000000000000E+000                                        0                                        0 
                                     440                  2.3500578584348554E+004                  2.0000000000000000E-002                  5.2991988506241518E-002                  1.8220223364729489E+000                  0.0000000000000000E+000                                        0                                        0 
                                     450                  2.5450411727551644E+004                  2.0000000000000000E-002                  5.1534320255237367E-002                  1.7639071549266547E+000                  0.0000000000000000E+000                                        0                                        0 
                                     460                  2.7528386879788097E+004                  2.0000000000000000E-002                  5.0103005817469584E-002                  1.7076169661416245E+000                  0.0000000000000000E+000                                        0                                        0 
                                     470                  2.9741395712254660E+004                  2.0000000000000000E-002                  4.8685206775664847E-002                  1.6531352994894262E+000                  0.0000000000000000E+000                                        0                                        0 
                                     480                  3.2100303346878678E+004                  2.0000000000000000E-002                  4.7269381768905869E-002                  1.6003814741477951E+000                  0.0000000000000000E+000                                        0                                        0 
                                     490                  3.4613749751187795E+004                  2.0000000000000000E-002                  4.5852231251618927E-002                  1.5493586254148493E+000                  0.0000000000000000E+000                                        0                                        0 
                                     500                  3.7294297437793291E+004                  2.0000000000000000E-002                  4.4435263722669663E-002                  1.5000038707766570E+000                  0.0000000000000000E+000                                        0                                        0 
                                     510                  4.0151776425440621E+004                  2.0000000000000000E-002                  4.3027832805476195E-002                  1.4523139999934553E+000                  0.0000000000000000E+000                                        0                                        0 
                                     520                  4.3196575199082436E+004                  2.0000000000000000E-002                  4.1646737535347617E-002                  1.4062624594351700E+000                  0.0000000000000000E+000                                        0                                        0 
                                     530                  4.6441114670579605E+004                  2.0000000000000000E-002                  4.0309524776140707E-002                  1.3617786725792451E+000                  0.0000000000000000E+000                                        0                                        0 
                                     540                  4.9903822245936230E+004                  2.0000000000000000E-002                  3.9005651012171134E-002                  1.3187304092246035E+000                  0.0000000000000000E+000                                        0                                        0 
                                     550                  5.3594952933469176E+004                  2.0000000000000000E-002                  3.7714279141921409E-002                  1.2771317086608072E+000                  0.0000000000000000E+000                                        0                                        0 
                                     560                  5.7532759975867433E+004                  2.0000000000000000E-002                  3.6411675427241143E-002                  1.2369421310874567E+000                  0.0000000000000000E+000                                        0                                        0 
                                     570                  6.1744829972336032E+004                  2.0000000000000000E-002                  3.5072496690027703E-002                  1.1980880870814041E+000                  0.0000000000000000E+000                                        0                                        0 
                                     580                  6.6267846343034456E+004                  2.0000000000000000E-002                  3.3678968738945811E-002                  1.1604915041598955E+000                  0.0000000000000000E+000                                        0                                        0 
                                     590                  7.1131615855952215E+004                  2.0000000000000000E-002                  3.2234886233884708E-002                  1.1241844754172188E+000                  0.0000000000000000E+000                                        0                                        0 
                                     600                  7.6382128555591771E+004                  2.0000000000000000E-002                  3.0753743942042801E-002                  1.0891013207338365E+000                  0.0000000000000000E+000                                        0                                        0 
                                     610                  8.2065791923859972E+004                  2.0000000000000000E-002                  2.9263267810198935E-002                  1.0552083750939436E+000                  0.0000000000000000E+000                                        0                                        0 
                                     620                  8.8234782397368297E+004                  2.0000000000000000E-002                  2.7789421139704392E-002                  1.0224594400545022E+000                  0.0000000000000000E+000                                        0                                        0 
                                     630                  9.4948937992650608E+004                  2.0000000000000000E-002                  2.6350010250437875E-002                  9.9079187768684940E-001                  0.0000000000000000E+000                                        0                                        0 
                                     640                  1.0226837329931081E+005                  2.0000000000000000E-002                  2.4957411361394937E-002                  9.6016542413135153E-001                  0.0000000000000000E+000                                        0                                        0 
                                     650                  1.1025343803007448E+005                  2.0000000000000000E-002                  2.3620107698690565E-002                  9.3055580337686350E-001                  0.0000000000000000E+000                                        0                                        0 
                                     660                  1.1897886570263929E+005                  2.0000000000000000E-002                  2.2341643739334890E-002                  9.0190410900100759E-001                  0.0000000000000000E+000                                        0                                        0 
                                     670                  1.2852559574108494E+005                  2.0000000000000000E-002                  2.1123739721345892E-002                  8.7416115583758236E-001                  0.0000000000000000E+000                                        0                                        0 
                                     680                  1.3897158051879128E+005                  2.0000000000000000E-002                  1.9968231716968911E-002                  8.4730928147400530E-001                  0.0000000000000000E+000                                        0                                        0 
                                     690                  1.5041253748243354E+005                  2.0000000000000000E-002                  1.8874725769202117E-002                  8.2130212813292003E-001                  0.0000000000000000E+000                                        0                                        0 
                                     700                  1.6294158009761106E+005                  2.0000000000000000E-002                  1.7843143025229442E-002                  7.9611503931120731E-001                  0.0000000000000000E+000                                        0                                        0 
                                     710                  1.7665775120958893E+005                  2.0000000000000000E-002                  1.6873223915625866E-002                  7.7171811188188855E-001                  0.0000000000000000E+000                                        0                                        0 
                                     720                  1.9166218058341602E+005                  2.0000000000000000E-002                  1.5964710160809359E-002                  7.4808663379823070E-001                  0.0000000000000000E+000                                        0                                        0 
                                     730                  2.0806105787290953E+005                  2.0000000000000000E-002                  1.5117760420181293E-002                  7.2519507585271303E-001                  0.0000000000000000E+000                                        0                                        0 
                                     740                  2.2596127898830897E+005                  2.0000000000000000E-002                  1.4333333988749170E-002                  7.0302019537447269E-001                  0.0000000000000000E+000                                        0                                        0 
                                     750                  2.4548186847413750E+005                  2.0000000000000000E-002                  1.3614221815807240E-002                  6.8152155274364135E-001                  0.0000000000000000E+000                                        0                                        0 
                                     760                  2.6671086422258505E+005                  2.0000000000000000E-002                  1.2972962397903121E-002                  6.6067691898118697E-001                  0.0000000000000000E+000                                        0                                        0 
                                     770                  2.8968925975121674E+005                  2.0000000000000000E-002                  1.2465722753472432E-002                  6.4044445593040666E-001                  0.0000000000000000E+000                                        0                                        0 
                                     780                  3.1428396601227630E+005                  2.0000000000000000E-002                  1.2264444450085009E-002                  6.2070552068048834E-001                  0.0000000000000000E+000                                        0                                        0 
                                     790                  3.4009289005237509E+005                  2.0000000000000000E-002                  1.1909987633238302E-002                  6.0162028810852253E-001                  0.0000000000000000E+000                                        0                                        0 
                                     800                  3.6756796364655503E+005                  2.0000000000000000E-002                  1.1378852772741333E-002                  5.8326695284812524E-001                  0.0000000000000000E+000                                        0                                        0 
                                     810                  3.9722099556492426E+005                  2.0000000000000000E-002                  1.0803835224428841E-002                  5.6553614068922664E-001                  0.0000000000000000E+000                                        0                                        0 
                                     820                  4.2941537657503894E+005                  2.0000000000000000E-002                  1.0222044245793123E-002                  5.4837530990990824E-001                  0.0000000000000000E+000                                        0                                        0 
                                     830                  4.6445554707169917E+005                  2.0000000000000000E-002                  9.6492583756039186E-003                  5.3176878994507815E-001                  0.0000000000000000E+000                                        0                                        0 
                                     840                  5.0267401365790376E+005                  2.0000000000000000E-002                  9.0929131347668116E-003                  5.1569071068915007E-001                  0.0000000000000000E+000                                        0                                        0 
                                     850                  5.4443600831058645E+005                  2.0000000000000000E-002                  8.5569426775449382E-003                  5.0011327545120865E-001                  0.0000000000000000E+000                                        0                                        0 
                                     860                  5.9009148560866737E+005                  2.0000000000000000E-002                  8.0444906706843185E-003                  4.8502713495931832E-001                  0.0000000000000000E+000                                        0                                        0 
                                     870                  6.4005401370704919E+005                  2.0000000000000000E-002                  7.5571537784973816E-003                  4.7040552883205700E-001                  0.0000000000000000E+000                                        0                                        0 
                                     880                  6.9475617247761693E+005                  2.0000000000000000E-002                  7.0957234372761415E-003                  4.5621964647887375E-001                  0.0000000000000000E+000                                        0                                        0 
                                     890                  7.5467073229393212E+005                  2.0000000000000000E-002                  6.6606083978915202E-003                  4.4243973047311136E-001                  0.0000000000000000E+000                                        0                                        0 
                                     900                  8.2029010822282906E+005                  2.0000000000000000E-002                  6.2519181466637657E-003                  4.2904344514920117E-001                  0.0000000000000000E+000                                        0                                        0 
                                     910                  8.9216634512602026E+005                  2.0000000000000000E-002                  5.8695125306075218E-003                  4.1601005843482119E-001                  0.0000000000000000E+000                                        0                                        0 
                                     920                  9.7089103728896647E+005                  2.0000000000000000E-002                  5.5131996281044520E-003                  4.0333410288054228E-001                  0.0000000000000000E+000                                        0                                        0 
                                     930                  1.0570345300156912E+006                  2.0000000000000000E-002                  5.1824170388592100E-003                  3.9103870165799248E-001                  0.0000000000000000E+000                                        0                                        0 
                                     940                  1.1510722398789187E+006                  2.0000000000000000E-002                  4.8772630304243104E-003                  3.7916695473050299E-001                  0.0000000000000000E+000                                        0                                        0 
                                     950                  1.2535298300012921E+006                  2.0000000000000000E-002                  4.5966431353527274E-003                  3.6773518300257957E-001                  0.0000000000000000E+000                                        0                                        0 
                                     960                  1.3650172110048307E+006                  2.0000000000000000E-002                  4.3380725720115415E-003                  3.5672893726571309E-001                  0.0000000000000000E+000                                        0                                        0 
                                     970                  1.4863490515922890E+006                  2.0000000000000000E-002                  4.0975816178996042E-003                  3.4609711376139757E-001                  0.0000000000000000E+000                                        0                                        0 
                                     980                  1.6188058603945742E+006                  2.0000000000000000E-002                  3.8693999425899323E-003                  3.3574693875146594E-001                  0.0000000000000000E+000                                        0                                        0 
                                     990                  1.7644211029320348E+006                  2.0000000000000000E-002                  3.6465485006340935E-003                  3.2555921114393560E-001                  0.0000000000000000E+000                                        0                                        0 
                                    1000                  1.9264126081974392E+006                  2.0000000000000000E-002                  3.4209586594468665E-003                  3.1539624649797010E-001                  0.0000000000000000E+000                                        0                                        0 
                                    1010                  2.1106360377291925E+006                  2.0000000000000000E-002                  3.1826061035188763E-003                  3.0508500798939964E-001                  0.0000000000000000E+000                                        0                                        0 
                                    1020                  2.3252928892815900E+006                  2.0000000000000000E-002                  2.9304079061046625E-003                  2.9464347028106058E-001                  0.0000000000000000E+000                                        0                                        0 
                                    1030                  2.5777427267275276E+006                  2.0000000000000000E-002                  2.6852900988720888E-003                  2.8456229670732858E-001                  0.0000000000000000E+000                                        0                                        0 
                                    1040                  2.8908769623001060E+006                  2.0000000000000000E-002                  2.4614804846589534E-003                  2.7501965572486520E-001                  0.0000000000000000E+000                                        0                                        0 
                                    1050                  3.3075578934664526E+006                  2.0000000000000000E-002                  2.2658040461723591E-003                  2.6617589284314824E-001                  0.0000000000000000E+000                                        0                                        0 
                                    1060                  3.9397021905115363E+006                  2.0000000000000000E-002                  2.1007473817214314E-003                  2.5822945048362922E-001                  0.0000000000000000E+000                                        0                                        0 
                                    1070                  5.2183651628592107E+006                  2.0000000000000000E-002                  1.9627804944731459E-003                  2.5127622153035933E-001                  0.0000000000000000E+000                                        0                                        0 
                                    1080                  8.1143171707885535E+006                  2.0000000000000000E-002                  1.8173959460882053E-003                  2.4376820858143947E-001                  0.0000000000000000E+000                                        0                                        0 
                                    1090                  1.1082584192261424E+007                  2.0000000000000000E-002                  1.6516769038010892E-003                  2.3509046716156776E-001                  0.0000000000000000E+000                                        0                                        0 
                                    1100                  1.3205164794905521E+007                  2.0000000000000000E-002                  1.4961094575341432E-003                  2.2674076479323385E-001                  0.0000000000000000E+000                                        0                                        0 
                                    1110                  1.4778334481649086E+007                  2.0000000000000000E-002                  1.3523862560070486E-003                  2.1881252163804379E-001                  0.0000000000000000E+000                                        0                                        0 
                                    1120                  1.6040731349728305E+007                  2.0000000000000000E-002                  1.2173746170327823E-003                  2.1125557363674541E-001                  0.0000000000000000E+000                                        0                                        0 
                                    1130                  1.7152321082451351E+007                  2.0000000000000000E-002                  1.0905493156966534E-003                  2.0404026051563695E-001                  0.0000000000000000E+000                                        0                                        0 
                                    1140                  1.8234292993056547E+007                  2.0000000000000000E-002                  9.7319223497903265E-004                  1.9715905406200021E-001                  0.0000000000000000E+000                                        0                                        0 
                                    1150                  1.9399125340911701E+007                  2.0000000000000000E-002                  8.6411829245659896E-004                  1.9055957610673799E-001                  0.0000000000000000E+000                                        0                                        0 
                                    1160                  2.0750339757067770E+007                  2.0000000000000000E-002                  7.6190520105826845E-004                  1.8415377358756665E-001                  0.0000000000000000E+000                                        0                                        0 
                                    1170                  2.2365636656298041E+007                  2.0000000000000000E-002                  6.6620088252512127E-004                  1.7790367679075358E-001                  0.0000000000000000E+000                                        0                                        0 
                                    1180                  2.4320578031958576E+007                  2.0000000000000000E-002                  5.7795800466335168E-004                  1.7179466212324154E-001                  0.0000000000000000E+000                                        0                                        0 
                                    1190                  2.6709336141925443E+007                  2.0000000000000000E-002                  4.9721698457262870E-004                  1.6581884046537004E-001                  0.0000000000000000E+000                                        0                                        0 
                                    1200                  2.9653413768185165E+007                  2.0000000000000000E-002                  4.2391489658555174E-004                  1.5997916923354075E-001                  0.0000000000000000E+000                                        0                                        0 
                                    1210                  3.3316424076901082E+007                  2.0000000000000000E-002                  3.5725657507499969E-004                  1.5428045339396201E-001                  0.0000000000000000E+000                                        0                                        0 
                                    1220                  3.7899575653211460E+007                  2.0000000000000000E-002                  2.9686435781793927E-004                  1.4875817960544122E-001                  0.0000000000000000E+000                                        0                                        0 
                                    1230                  4.3577598872896917E+007                  2.0000000000000000E-002                  2.4141206738292662E-004                  1.4354535492071796E-001                  0.0000000000000000E+000                                        0                                        0 
                                    1240                  5.0599249167884804E+007                  2.0000000000000000E-002                  1.9053357202299443E-004                  1.3875169447949837E-001                  0.0000000000000000E+000                                        0                                        0 
                                    1250                  5.9431073981183372E+007                  2.0000000000000000E-002                  1.4867635953884811E-004                  1.3434954335511451E-001                  0.0000000000000000E+000                                        0                                        0 
                                    1260                  7.0646371204717964E+007                  2.0000000000000000E-002                  1.1483648317283480E-004                  1.3028700168656532E-001                  0.0000000000000000E+000                                        0                                        0 
                                    1270                  8.5008771842486903E+007                  2.0000000000000000E-002                  8.8581951896484051E-005                  1.2652289513830905E-001                  0.0000000000000000E+000                                        0                                        0 
                                    1280                  1.0326204141960107E+008                  2.0000000000000000E-002                  6.8407908460023974E-005                  1.2304094750101109E-001                  0.0000000000000000E+000                                        0                                        0 
                                    1290                  1.2647777852884671E+008                  2.0000000000000000E-002                  5.2035298314338840E-005                  1.1983677773605682E-001                  0.0000000000000000E+000                                        0                                        0 
                                    1300                  1.5628412135400942E+008                  2.0000000000000000E-002                  3.8909143551493558E-005                  1.1690137653332926E-001                  0.0000000000000000E+000                                        0                                        0 
                                    1310                  1.9498619123865455E+008                  2.0000000000000000E-002                  2.8359553193149479E-005                  1.1422743265232027E-001                  0.0000000000000000E+000                                        0                                        0 
                                    1320                  2.4607557222537184E+008                  2.0000000000000000E-002                  2.0232508025611303E-005                  1.1180155788465966E-001                  0.0000000000000000E+000                                        0                                        0 
                                    1330                  3.1474761275483382E+008                  2.0000000000000000E-002                  1.4079721064501080E-005                  1.0959970402050440E-001                  0.0000000000000000E+000                                        0                                        0 
                                    1340                  4.0960550612798226E+008                  2.0000000000000000E-002                  9.6746796233997506E-006                  1.0758755092028571E-001                  0.0000000000000000E+000                                        0                                        0 
                                    1350                  5.4031583858412266E+008                  2.0000000000000000E-002                  6.8000128294791267E-006                  1.0572827712871094E-001                  0.0000000000000000E+000                                        0                                        0 
                                    1360                  7.1482026324147785E+008                  2.0000000000000000E-002                  4.8557855935408897E-006                  1.0402258101808541E-001                  0.0000000000000000E+000                                        0                                        0 
                                    1370                  9.4391068570217085E+008                  2.0000000000000000E-002                  3.4570331079596240E-006                  1.0247187359758589E-001                  0.0000000000000000E+000                                        0                                        0 
                                    1380                  1.2479088509857662E+009                  2.0000000000000000E-002                  2.4094275839628511E-006                  1.0106221977825522E-001                  0.0000000000000000E+000                                        0                                        0 
                                    1390                  1.6623999171813679E+009                  2.0000000000000000E-002                  1.6301488126846814E-006                  9.9780322341350189E-002                  0.0000000000000000E+000                                        0                                        0 
                                    1400                  2.2370284128749332E+009                  2.0000000000000000E-002                  1.1193996357469468E-006                  9.8603011577985331E-002                  0.0000000000000000E+000                                        0                                        0 
                                    1410                  3.0105535883994856E+009                  2.0000000000000000E-002                  7.9911003366797206E-007                  9.7515386416461167E-002                  0.0000000000000000E+000                                        0                                        0 
                                    1420                  4.0165137265166183E+009                  2.0000000000000000E-002                  5.8494595899575834E-007                  9.6511722606455505E-002                  0.0000000000000000E+000                                        0                                        0 
                                    1430                  5.2966973858870049E+009                  2.0000000000000000E-002                  4.3538346320099016E-007                  9.5585630656699241E-002                  0.0000000000000000E+000                                        0                                        0 
                                    1440                  6.9111892501675043E+009                  2.0000000000000000E-002                  3.2695981523251708E-007                  9.4730407196286781E-002                  0.0000000000000000E+000                                        0                                        0 
                                    1450                  8.9635482025786247E+009                  2.0000000000000000E-002                  2.4543961792109369E-007                  9.3937374092179254E-002                  0.0000000000000000E+000                                        0                                        0 
                                    1455                  1.0000000000000000E+010                  2.0000000000000000E-002                  2.1712955182842313E-007                  9.3618532834086179E-002                  0.0000000000000000E+000                                        0                                        0 
