                           1                            2                            3                            4                            5                            6                            7 
              version_number                     compiler                        build             MESA_SDK_version                         date                    burn_min1                    burn_min2 
                       11701                   "gfortran"                      "8.3.0"      "x86_64-linux-20190503"                   "20190822"      5.0000000000000000E+001      1.0000000000000000E+003 

                                       1                                        2                                        3                                        4                                        5                                        6                                        7                                        8                                        9                                       10                                       11                                       12                                       13 
                            model_number                                 star_age                                star_mass                                   radius                               luminosity                                    log_L                              effective_T                                    log_g                           surf_avg_omega                           surf_avg_v_rot                 photosphere_cell_density                              num_retries                              num_backups 
                                       1                  1.0000000000000001E-005                  9.6099999999999997E-001                  2.8214430722028268E+001                  2.9651028103814514E+002                  2.4720397564548353E+000                  4.5123596944151468E+003                  1.5196701570707540E+000                  0.0000000000000000E+000                  0.0000000000000000E+000                  6.3273774802982169E-009                                        0                                        0 
                                       2                  2.2000000000000003E-005                  9.6099999999999997E-001                  2.8212657741932237E+001                  2.9448670304753603E+002                  2.4690656898753991E+000                  4.5047826383104011E+003                  1.5197247404627698E+000                  0.0000000000000000E+000                  0.0000000000000000E+000                  6.3387626640676846E-009                                        0                                        0 
                                       3                  3.6400000000000004E-005                  9.6099999999999997E-001                  2.8210583961786067E+001                  2.9220403096707901E+002                  2.4656862027505162E+000                  4.4961928517561773E+003                  1.5197885887102205E+000                  0.0000000000000000E+000                  0.0000000000000000E+000                  6.3520424067842011E-009                                        0                                        0 
                                       4                  5.3680000000000001E-005                  9.6099999999999997E-001                  2.8208144564838385E+001                  2.8960367033315708E+002                  2.4618040616526500E+000                  4.4863502220232340E+003                  1.5198636996999133E+000                  0.0000000000000000E+000                  0.0000000000000000E+000                  6.3677761919389141E-009                                        0                                        0 
                                       5                  7.4416000000000000E-005                  9.6099999999999997E-001                  2.8205290824333126E+001                  2.8662841555801248E+002                  2.4573192429640196E+000                  4.4750092558571005E+003                  1.5199515769048184E+000                  0.0000000000000000E+000                  0.0000000000000000E+000                  6.3866346804837179E-009                                        0                                        0 
                                       6                  9.9299199999999986E-005                  9.6099999999999997E-001                  2.8201960688094509E+001                  2.8322928286900208E+002                  2.4521381527288133E+000                  4.4619459483521741E+003                  1.5200541353351846E+000                  0.0000000000000000E+000                  0.0000000000000000E+000                  6.4094077796985830E-009                                        0                                        0 
                                       7                  1.2915903999999998E-004                  9.6099999999999997E-001                  2.8198097215559450E+001                  2.7942303517819425E+002                  2.4462622057810592E+000                  4.4471836866421700E+003                  1.5201731341353952E+000                  0.0000000000000000E+000                  0.0000000000000000E+000                  6.4366017572768191E-009                                        0                                        0 
                                       8                  1.6499084799999998E-004                  9.6099999999999997E-001                  2.8193626970277915E+001                  2.7515907361013325E+002                  2.4395838386221467E+000                  4.4304710514186881E+003                  1.5203108424882161E+000                  0.0000000000000000E+000                  0.0000000000000000E+000                  6.4693248260350391E-009                                        0                                        0 
                                       9                  2.0798901759999997E-004                  9.6099999999999997E-001                  2.8188512391293759E+001                  2.7051018273171218E+002                  2.4321836177640614E+000                  4.4120379978737183E+003                  1.5204684266779132E+000                  0.0000000000000000E+000                  0.0000000000000000E+000                  6.5079161894358274E-009                                        0                                        0 
                                      10                  2.5958682111999992E-004                  9.6099999999999997E-001                  2.8182676268076253E+001                  2.6541259024616426E+002                  2.4239215204302420E+000                  4.3915586009247381E+003                  1.5206482771425498E+000                  0.0000000000000000E+000                  0.0000000000000000E+000                  6.5539825293396725E-009                                        0                                        0 
                                      11                  3.2150418534399988E-004                  9.6099999999999997E-001                  2.8176067106810130E+001                  2.5992094703018313E+002                  2.4148412807054758E+000                  4.3691761259048662E+003                  1.5208519951184423E+000                  0.0000000000000000E+000                  0.0000000000000000E+000                  6.6083570153273068E-009                                        0                                        0 
                                      12                  3.9580502241279986E-004                  9.6099999999999997E-001                  2.8168648133226917E+001                  2.5407714912264251E+002                  2.4049656077650630E+000                  4.3449803602277589E+003                  1.5210807313392907E+000                  0.0000000000000000E+000                  0.0000000000000000E+000                  6.6720851662024457E-009                                        0                                        0 
                                      13                  4.8496602689535978E-004                  9.6099999999999997E-001                  2.8160367530344587E+001                  2.4791147458728247E+002                  2.3942966285613263E+000                  4.3190120532387882E+003                  1.5213361038234123E+000                  0.0000000000000000E+000                  0.0000000000000000E+000                  6.7464565585145386E-009                                        0                                        0 
                                      14                  5.9195923227443165E-004                  9.6099999999999997E-001                  2.8151238653780830E+001                  2.4155382754840267E+002                  2.3830139235032690E+000                  4.2917473220545362E+003                  1.5216177239739286E+000                  0.0000000000000000E+000                  0.0000000000000000E+000                  6.8314913070134811E-009                                        0                                        0 
                                      15                  7.2035107872931792E-004                  9.6099999999999997E-001                  2.8141252521327900E+001                  2.3504220693810703E+002                  2.3711458562905565E+000                  4.2632830810759897E+003                  1.5219258945433827E+000                  0.0000000000000000E+000                  0.0000000000000000E+000                  6.9281210060187338E-009                                        0                                        0 
                                      16                  8.7442129447518155E-004                  9.6099999999999997E-001                  2.8130445132490237E+001                  2.2843261113515868E+002                  2.3587581040617862E+000                  4.2338029581655555E+003                  1.5222595322041881E+000                  0.0000000000000000E+000                  0.0000000000000000E+000                  7.0368618209672321E-009                                        0                                        0 
                                      17                  1.0593055533702177E-003                  9.6099999999999997E-001                  2.8118867842659693E+001                  2.2184381904941026E+002                  2.3460473330294542E+000                  4.2038028103562383E+003                  1.5226170799070031E+000                  0.0000000000000000E+000                  0.0000000000000000E+000                  7.1567373032468525E-009                                        0                                        0 
                                      18                  1.2811666640442612E-003                  9.6099999999999997E-001                  2.8106600508812740E+001                  2.1539549428384544E+002                  2.3332366143374066E+000                  4.1738266850713126E+003                  1.5229960992829650E+000                  0.0000000000000000E+000                  0.0000000000000000E+000                  7.2868909491546009E-009                                        0                                        0 
                                      19                  1.5473999968531134E-003                  9.6099999999999997E-001                  2.8093697825972178E+001                  2.0914719766654770E+002                  2.3204520499058519E+000                  4.1441739577959788E+003                  1.5233949273478604E+000                  0.0000000000000000E+000                  0.0000000000000000E+000                  7.4282287567985624E-009                                        0                                        0 
                                      20                  1.8668799962237360E-003                  9.6099999999999997E-001                  2.8080255936840352E+001                  2.0322164932476895E+002                  2.3079699717292841E+000                  4.1154883841022256E+003                  1.5238106173961259E+000                  0.0000000000000000E+000                  0.0000000000000000E+000                  7.5795250068093606E-009                                        0                                        0 
                                      21                  2.2502559954684829E-003                  9.6099999999999997E-001                  2.8066273841002303E+001                  1.9758069231207583E+002                  2.2957445028426284E+000                  4.0876449363400234E+003                  1.5242432245201964E+000                  0.0000000000000000E+000                  0.0000000000000000E+000                  7.7428238924319876E-009                                        0                                        0 
                                      22                  2.7103071945621796E-003                  9.6099999999999997E-001                  2.8051858332764976E+001                  1.9228258174083541E+002                  2.2839399446833157E+000                  4.0610055770624326E+003                  1.5246894671570410E+000                  0.0000000000000000E+000                  0.0000000000000000E+000                  7.9170920644269227E-009                                        0                                        0 
                                      23                  3.2623686334746159E-003                  9.6099999999999997E-001                  2.8037104122243658E+001                  1.8734629364769589E+002                  2.2726451056802794E+000                  4.0357487172641368E+003                  1.5251464320985613E+000                  0.0000000000000000E+000                  0.0000000000000000E+000                  8.1014634377808935E-009                                        0                                        0 
                                      24                  3.9248423601695387E-003                  9.6099999999999997E-001                  2.8022092251619021E+001                  1.8275734964515362E+002                  2.2618748512723137E+000                  4.0118792380280365E+003                  1.5256116241207716E+000                  0.0000000000000000E+000                  0.0000000000000000E+000                  8.2956249987087958E-009                                        0                                        0 
                                      25                  4.7198108322034464E-003                  9.6099999999999997E-001                  2.8006998619828870E+001                  1.7857905808058581E+002                  2.2518305279382891E+000                  3.9898242462116204E+003                  1.5260796010987991E+000                  0.0000000000000000E+000                  0.0000000000000000E+000                  8.4948975797611682E-009                                        0                                        0 
                                      26                  5.6737729986441349E-003                  9.6099999999999997E-001                  2.7991918440579596E+001                  1.7475587212540736E+002                  2.2424317777728815E+000                  3.9693649511882891E+003                  1.5265474129163257E+000                  0.0000000000000000E+000                  0.0000000000000000E+000                  8.6990926448841654E-009                                        0                                        0 
                                      27                  6.8185275983729619E-003                  9.6099999999999997E-001                  2.7977039159700070E+001                  1.7133772851536506E+002                  2.2338530050080294E+000                  3.9508613966268472E+003                  1.5270092396152648E+000                  0.0000000000000000E+000                  0.0000000000000000E+000                  8.9010129967654746E-009                                        0                                        0 
                                      28                  8.1922331180475545E-003                  9.6099999999999997E-001                  2.7962492050894515E+001                  1.6829975701066590E+002                  2.2260834889466903E+000                  3.9342536249314135E+003                  1.5274609937925052E+000                  0.0000000000000000E+000                  0.0000000000000000E+000                  9.0965199622489769E-009                                        0                                        0 
                                      29                  9.8406797416570636E-003                  9.6099999999999997E-001                  2.7948365848227571E+001                  1.6559329952466467E+002                  2.2190427597535871E+000                  3.9193306009761650E+003                  1.5278999018851058E+000                  0.0000000000000000E+000                  0.0000000000000000E+000                  9.2838790113089735E-009                                        0                                        0 
                                      30                  1.1818815689988476E-002                  9.6099999999999997E-001                  2.7934788118834600E+001                  1.6322079429231104E+002                  2.2127754869614540E+000                  3.9061651331520948E+003                  1.5283219777809403E+000                  0.0000000000000000E+000                  0.0000000000000000E+000                  9.4585324521168093E-009                                        0                                        0 
                                      31                  1.4192578827986170E-002                  9.6099999999999997E-001                  2.7921820635014051E+001                  1.6114456373286924E+002                  2.2072156590221654E+000                  3.8945875080938326E+003                  1.5287252752165887E+000                  0.0000000000000000E+000                  0.0000000000000000E+000                  9.6194638566988756E-009                                        0                                        0 
                                      32                  1.7041094593583404E-002                  9.6099999999999997E-001                  2.7909523018877735E+001                  1.5933603911497190E+002                  2.2023140169723132E+000                  3.8844694953873172E+003                  1.5291079123924407E+000                  0.0000000000000000E+000                  0.0000000000000000E+000                  9.7658120033604188E-009                                        0                                        0 
                                      33                  2.0459313512300088E-002                  9.6099999999999997E-001                  2.7897951642576928E+001                  1.5777149910261033E+002                  2.1980285521027993E+000                  3.8757021839635722E+003                  1.5294681067913429E+000                  0.0000000000000000E+000                  0.0000000000000000E+000                  9.8970068392726162E-009                                        0                                        0 
                                      34                  2.4561176214760103E-002                  9.6099999999999997E-001                  2.7887144732619959E+001                  1.5642590795941430E+002                  2.1943086844781923E+000                  3.8681611968175480E+003                  1.5298046397884635E+000                  0.0000000000000000E+000                  0.0000000000000000E+000                  1.0013181764814377E-008                                        0                                        0 
                                      35                  2.9483411457712123E-002                  9.6099999999999997E-001                  2.7877146455333783E+001                  1.5528738248974813E+002                  2.1911361695875899E+000                  3.8617957679392280E+003                  1.5301161076908041E+000                  0.0000000000000000E+000                  0.0000000000000000E+000                  1.0113760600072119E-008                                        0                                        0 
                                      36                  3.5390093749254538E-002                  9.6099999999999997E-001                  2.7867969261921250E+001                  1.5433124703593245E+002                  2.1884538654112080E+000                  3.8564723609974553E+003                  1.5304020954006254E+000                  0.0000000000000000E+000                  0.0000000000000000E+000                  1.0199734472465672E-008                                        0                                        0 
                                      37                  4.2478112499105450E-002                  9.6099999999999997E-001                  2.7859619580700048E+001                  1.5353769676696834E+002                  2.1862150214284504E+000                  3.8520825248693836E+003                  1.5306623772884633E+000                  0.0000000000000000E+000                  0.0000000000000000E+000                  1.0272010117323764E-008                                        0                                        0 
                                      38                  5.0983734998926541E-002                  9.6099999999999997E-001                  2.7852089567143583E+001                  1.5289157061017218E+002                  2.1843835420610911E+000                  3.8485436102346689E+003                  1.5308971748494189E+000                  0.0000000000000000E+000                  0.0000000000000000E+000                  1.0331317543208569E-008                                        0                                        0 
                                      39                  6.1190481998711847E-002                  9.6099999999999997E-001                  2.7845352089730081E+001                  1.5236429767390925E+002                  2.1828832141184726E+000                  3.8456863867753523E+003                  1.5311073137132418E+000                  0.0000000000000000E+000                  0.0000000000000000E+000                  1.0379946259988652E-008                                        0                                        0 
                                      40                  7.3438578398454205E-002                  9.6099999999999997E-001                  2.7839370889555774E+001                  1.5194336430380528E+002                  2.1816817382483520E+000                  3.8434403420291842E+003                  1.5312939072420857E+000                  0.0000000000000000E+000                  0.0000000000000000E+000                  1.0418769780134498E-008                                        0                                        0 
                                      41                  8.8136294078145050E-002                  9.6099999999999997E-001                  2.7834090487371796E+001                  1.5161149129870449E+002                  2.1807321196237552E+000                  3.8417042737512033E+003                  1.5314586715287595E+000                  0.0000000000000000E+000                  0.0000000000000000E+000                  1.0449254496705899E-008                                        0                                        0 
                                      42                  1.0577355289377406E-001                  9.6099999999999997E-001                  2.7829444322918754E+001                  1.5135294955064813E+002                  2.1799908888610671E+000                  3.8403859579498376E+003                  1.5316036715612249E+000                  0.0000000000000000E+000                  0.0000000000000000E+000                  1.0472801635331639E-008                                        0                                        0 
                                      43                  1.2693826347252887E-001                  9.6099999999999997E-001                  2.7825367923130550E+001                  1.5115369175373095E+002                  2.1794187587827358E+000                  3.8394025602255742E+003                  1.5317309100058996E+000                  0.0000000000000000E+000                  0.0000000000000000E+000                  1.0490710449918439E-008                                        0                                        0 
                                      44                  1.5233591616703465E-001                  9.6099999999999997E-001                  2.7821808417381249E+001                  1.5100154217655322E+002                  2.1789813827590438E+000                  3.8386815563998207E+003                  1.5318420296571735E+000                  0.0000000000000000E+000                  0.0000000000000000E+000                  1.0504140985548398E-008                                        0                                        0 
                                      45                  1.8281309940044160E-001                  9.6099999999999997E-001                  2.7818709837843290E+001                  1.5088615622820930E+002                  2.1786493951798218E+000                  3.8381617644473945E+003                  1.5319387718183657E+000                  0.0000000000000000E+000                  0.0000000000000000E+000                  1.0514091374676549E-008                                        0                                        0 
                                      46                  2.1938571928052991E-001                  9.6099999999999997E-001                  2.7816015265164648E+001                  1.5079904832014947E+002                  2.1783986007472045E+000                  3.8377935657875946E+003                  1.5320229090577728E+000                  0.0000000000000000E+000                  0.0000000000000000E+000                  1.0521384437021898E-008                                        0                                        0 
                                      47                  2.6327286313663589E-001                  9.6099999999999997E-001                  2.7813665186000559E+001                  1.5073341655456076E+002                  2.1782095430674970E+000                  3.8375380337006941E+003                  1.5320962962428388E+000                  0.0000000000000000E+000                  0.0000000000000000E+000                  1.0526676999329388E-008                                        0                                        0 
                                      48                  3.1593743576396305E-001                  9.6099999999999997E-001                  2.7811596838630727E+001                  1.5068385178178553E+002                  2.1780667131120275E+000                  3.8373652104836192E+003                  1.5321608907682105E+000                  0.0000000000000000E+000                  0.0000000000000000E+000                  1.0530484909214203E-008                                        0                                        0 
                                      49                  3.7913492291675566E-001                  9.6099999999999997E-001                  2.7809745335475146E+001                  1.5064605310958447E+002                  2.1779577577472939E+000                  3.8372522703879590E+003                  1.5322187173198587E+000                  0.0000000000000000E+000                  0.0000000000000000E+000                  1.0533210557676315E-008                                        0                                        0 
                                      50                  4.5497190750010674E-001                  9.6099999999999997E-001                  2.7808045497595529E+001                  1.5061661562051776E+002                  2.1778728847083784E+000                  3.8371820723206210E+003                  1.5322718104183382E+000                  0.0000000000000000E+000                  0.0000000000000000E+000                  1.0535164577328793E-008                                        0                                        0 
