                                       1                                        2                                        3                                        4                                        5                                        6                                        7                                        8 
                          version_number                                 compiler                                    build                         MESA_SDK_version                             math_backend                                     date                                burn_min1                                burn_min2 
                                 "12778"                               "gfortran"                                  "9.2.0"                    "x86_64-linux-20.3.2"                                 "CRMATH"                               "20200613"                  5.0000000000000000E+001                  1.0000000000000000E+003 

                                       1                                        2                                        3                                        4                                        5                                        6                                        7                                        8 
                            model_number                                 star_age                                star_mass                               luminosity                                   radius                           surf_avg_omega                              num_retries                              num_backups 
                                      21                  2.2502559954684833E-003                  2.0000000000000000E-002                  2.1778598298527682E-001                  5.9061374631869556E+000                  0.0000000000000000E+000                                        0                                        0 
                                      22                  2.7103071945621809E-003                  2.0000000000000000E-002                  2.1778197462442789E-001                  5.9061350316448866E+000                  0.0000000000000000E+000                                        0                                        0 
                                      23                  3.2623686334746172E-003                  2.0000000000000000E-002                  2.1778014412485819E-001                  5.9061324955335710E+000                  0.0000000000000000E+000                                        0                                        0 
                                      24                  3.9248423601695413E-003                  2.0000000000000000E-002                  2.1777901538092234E-001                  5.9061300739901466E+000                  0.0000000000000000E+000                                        0                                        0 
                                      25                  4.7198108322034490E-003                  2.0000000000000000E-002                  2.1777823651957981E-001                  5.9061278729345883E+000                  0.0000000000000000E+000                                        0                                        0 
                                      26                  5.6737729986441393E-003                  2.0000000000000000E-002                  2.1777761148207758E-001                  5.9061258438044311E+000                  0.0000000000000000E+000                                        0                                        0 
                                      27                  6.8185275983729671E-003                  2.0000000000000000E-002                  2.1777713054382927E-001                  5.9061237293546567E+000                  0.0000000000000000E+000                                        0                                        0 
                                      28                  8.1922331180475615E-003                  2.0000000000000000E-002                  2.1777666651134819E-001                  5.9061207972147507E+000                  0.0000000000000000E+000                                        0                                        0 
                                      29                  9.8406797416570723E-003                  2.0000000000000000E-002                  2.1777620932130670E-001                  5.9061158176594120E+000                  0.0000000000000000E+000                                        0                                        0 
                                      30                  1.1818815689988486E-002                  2.0000000000000000E-002                  2.1777564903514857E-001                  5.9061073646357620E+000                  0.0000000000000000E+000                                        0                                        0 
                                      31                  1.4192578827986186E-002                  2.0000000000000000E-002                  2.1777505497798974E-001                  5.9060948397170572E+000                  0.0000000000000000E+000                                        0                                        0 
                                      32                  1.7041094593583422E-002                  2.0000000000000000E-002                  2.1777449149818123E-001                  5.9060792378827216E+000                  0.0000000000000000E+000                                        0                                        0 
                                      33                  2.0459313512300105E-002                  2.0000000000000000E-002                  2.1777386607829599E-001                  5.9060628869773799E+000                  0.0000000000000000E+000                                        0                                        0 
                                      34                  2.4561176214760127E-002                  2.0000000000000000E-002                  2.1777331829445701E-001                  5.9060482927466218E+000                  0.0000000000000000E+000                                        0                                        0 
                                      35                  2.9483411457712150E-002                  2.0000000000000000E-002                  2.1777279283094156E-001                  5.9060356795563358E+000                  0.0000000000000000E+000                                        0                                        0 
                                      36                  3.5390093749254579E-002                  2.0000000000000000E-002                  2.1777213572220874E-001                  5.9060219037920438E+000                  0.0000000000000000E+000                                        0                                        0 
                                      37                  4.2478112499105498E-002                  2.0000000000000000E-002                  2.1777123399505210E-001                  5.9060028877473885E+000                  0.0000000000000000E+000                                        0                                        0 
                                      38                  5.0983734998926590E-002                  2.0000000000000000E-002                  2.1777007098472365E-001                  5.9059771889653705E+000                  0.0000000000000000E+000                                        0                                        0 
                                      39                  6.1190481998711910E-002                  2.0000000000000000E-002                  2.1776864759159717E-001                  5.9059457724642010E+000                  0.0000000000000000E+000                                        0                                        0 
                                      40                  7.3438578398454288E-002                  2.0000000000000000E-002                  2.1776695091686535E-001                  5.9059088570444507E+000                  0.0000000000000000E+000                                        0                                        0 
                                      41                  8.8136294078145147E-002                  2.0000000000000000E-002                  2.1776491902402131E-001                  5.9058649811080333E+000                  0.0000000000000000E+000                                        0                                        0 
                                      42                  1.0577355289377417E-001                  2.0000000000000000E-002                  2.1776242808640395E-001                  5.9058122487874121E+000                  0.0000000000000000E+000                                        0                                        0 
                                      43                  1.2693826347252901E-001                  2.0000000000000000E-002                  2.1775945952968931E-001                  5.9057489704443729E+000                  0.0000000000000000E+000                                        0                                        0 
                                      44                  1.5233591616703479E-001                  2.0000000000000000E-002                  2.1775588264501131E-001                  5.9056730315778987E+000                  0.0000000000000000E+000                                        0                                        0 
                                      45                  1.8281309940044177E-001                  2.0000000000000000E-002                  2.1775160707048941E-001                  5.9055819674443786E+000                  0.0000000000000000E+000                                        0                                        0 
                                      46                  2.1938571928053011E-001                  2.0000000000000000E-002                  2.1774641620156077E-001                  5.9054726642332795E+000                  0.0000000000000000E+000                                        0                                        0 
                                      47                  2.6327286313663611E-001                  2.0000000000000000E-002                  2.1774023158890382E-001                  5.9053416019765725E+000                  0.0000000000000000E+000                                        0                                        0 
                                      48                  3.1593743576396338E-001                  2.0000000000000000E-002                  2.1773280675236203E-001                  5.9051843599523872E+000                  0.0000000000000000E+000                                        0                                        0 
                                      49                  3.7913492291675605E-001                  2.0000000000000000E-002                  2.1772384084891080E-001                  5.9049956664279559E+000                  0.0000000000000000E+000                                        0                                        0 
                                      50                  4.5497190750010724E-001                  2.0000000000000000E-002                  2.1771315243341111E-001                  5.9047694358866858E+000                  0.0000000000000000E+000                                        0                                        0 
                                      51                  5.4597628900012862E-001                  2.0000000000000000E-002                  2.1770030138546323E-001                  5.9044979661500232E+000                  0.0000000000000000E+000                                        0                                        0 
                                      52                  6.5518154680015439E-001                  2.0000000000000000E-002                  2.1768492322945290E-001                  5.9041724915745419E+000                  0.0000000000000000E+000                                        0                                        0 
                                      53                  7.8622785616018520E-001                  2.0000000000000000E-002                  2.1766614088330907E-001                  5.9037812122125333E+000                  0.0000000000000000E+000                                        0                                        0 
                                      54                  9.4348342739222213E-001                  2.0000000000000000E-002                  2.1764358273572912E-001                  5.9033119431660355E+000                  0.0000000000000000E+000                                        0                                        0 
                                      55                  1.1321901128706664E+000                  2.0000000000000000E-002                  2.1761728137588782E-001                  5.9027503583212200E+000                  0.0000000000000000E+000                                        0                                        0 
                                      56                  1.3586381354447998E+000                  2.0000000000000000E-002                  2.1758526360788810E-001                  5.9020763096843272E+000                  0.0000000000000000E+000                                        0                                        0 
                                      57                  1.6303757625337596E+000                  2.0000000000000000E-002                  2.1754728646733582E-001                  5.9012688367227257E+000                  0.0000000000000000E+000                                        0                                        0 
                                      58                  1.9564609150405115E+000                  2.0000000000000000E-002                  2.1750150572797400E-001                  5.9003005466216187E+000                  0.0000000000000000E+000                                        0                                        0 
                                      59                  2.3477630980486137E+000                  2.0000000000000000E-002                  2.1744679010856083E-001                  5.8991401490208899E+000                  0.0000000000000000E+000                                        0                                        0 
                                      60                  2.8173257176583366E+000                  2.0000000000000000E-002                  2.1738078435994151E-001                  5.8977488391256703E+000                  0.0000000000000000E+000                                        0                                        0 
                                      61                  3.3808008611900036E+000                  2.0000000000000000E-002                  2.1730215638420244E-001                  5.8960825063130331E+000                  0.0000000000000000E+000                                        0                                        0 
                                      62                  4.0569710334280042E+000                  2.0000000000000000E-002                  2.1720795258317940E-001                  5.8940871591464434E+000                  0.0000000000000000E+000                                        0                                        0 
                                      63                  4.8683752401136049E+000                  2.0000000000000000E-002                  2.1709488381869099E-001                  5.8916973182052974E+000                  0.0000000000000000E+000                                        0                                        0 
                                      64                  5.8420602881363255E+000                  2.0000000000000000E-002                  2.1695962871957197E-001                  5.8888377040801148E+000                  0.0000000000000000E+000                                        0                                        0 
                                      65                  7.0104823457635908E+000                  2.0000000000000000E-002                  2.1679781721444230E-001                  5.8854171684896164E+000                  0.0000000000000000E+000                                        0                                        0 
                                      66                  8.4125888149163082E+000                  2.0000000000000000E-002                  2.1660440333188632E-001                  5.8813285529910111E+000                  0.0000000000000000E+000                                        0                                        0 
                                      67                  1.0095116577899571E+001                  2.0000000000000000E-002                  2.1637340631133922E-001                  5.8764454439251912E+000                  0.0000000000000000E+000                                        0                                        0 
                                      68                  1.2114149893479484E+001                  2.0000000000000000E-002                  2.1609773377973807E-001                  5.8706179534826610E+000                  0.0000000000000000E+000                                        0                                        0 
                                      69                  1.4536989872175379E+001                  2.0000000000000000E-002                  2.1576913817801452E-001                  5.8636716446095267E+000                  0.0000000000000000E+000                                        0                                        0 
                                      70                  1.7444397846610453E+001                  2.0000000000000000E-002                  2.1537797121793592E-001                  5.8554021150437734E+000                  0.0000000000000000E+000                                        0                                        0 
                                      71                  2.0933287415932543E+001                  2.0000000000000000E-002                  2.1491289569242666E-001                  5.8455712049253368E+000                  0.0000000000000000E+000                                        0                                        0 
                                      72                  2.5119954899119051E+001                  2.0000000000000000E-002                  2.1436107691851475E-001                  5.8339049577693212E+000                  0.0000000000000000E+000                                        0                                        0 
                                      73                  3.0143955878942862E+001                  2.0000000000000000E-002                  2.1370758866214265E-001                  5.8200890539010564E+000                  0.0000000000000000E+000                                        0                                        0 
                                      74                  3.5748774391623797E+001                  2.0000000000000000E-002                  2.1298944963479746E-001                  5.8049043462889145E+000                  0.0000000000000000E+000                                        0                                        0 
                                      75                  4.1705992710531241E+001                  2.0000000000000000E-002                  2.1223810217684108E-001                  5.7890170157099785E+000                  0.0000000000000000E+000                                        0                                        0 
                                      76                  4.7889464032854029E+001                  2.0000000000000000E-002                  2.1147096017069886E-001                  5.7727927222517472E+000                  0.0000000000000000E+000                                        0                                        0 
                                      77                  5.4233973692629888E+001                  2.0000000000000000E-002                  2.1069669503564539E-001                  5.7564164901818273E+000                  0.0000000000000000E+000                                        0                                        0 
                                      78                  6.0707014034217167E+001                  2.0000000000000000E-002                  2.0991980739629013E-001                  5.7399823023421783E+000                  0.0000000000000000E+000                                        0                                        0 
                                      79                  6.7292819865961619E+001                  2.0000000000000000E-002                  2.0914244790792527E-001                  5.7235347258434768E+000                  0.0000000000000000E+000                                        0                                        0 
                                      80                  7.3984043757280347E+001                  2.0000000000000000E-002                  2.0836546133181316E-001                  5.7070950126851407E+000                  0.0000000000000000E+000                                        0                                        0 
                                      81                  8.0777511636203528E+001                  2.0000000000000000E-002                  2.0758963293652577E-001                  5.6906761888625654E+000                  0.0000000000000000E+000                                        0                                        0 
                                      82                  8.7670551551902776E+001                  2.0000000000000000E-002                  2.0681522807573793E-001                  5.6742850968769201E+000                  0.0000000000000000E+000                                        0                                        0 
                                      83                  9.4662364045675375E+001                  2.0000000000000000E-002                  2.0604269092755800E-001                  5.6579279075725104E+000                  0.0000000000000000E+000                                        0                                        0 
                                      84                  1.0175457708090552E+002                  2.0000000000000000E-002                  2.0527175376434068E-001                  5.6416016911327054E+000                  0.0000000000000000E+000                                        0                                        0 
                                      85                  1.0894835813421665E+002                  2.0000000000000000E-002                  2.0450244060181932E-001                  5.6253059223624815E+000                  0.0000000000000000E+000                                        0                                        0 
                                      86                  1.1624473960454046E+002                  2.0000000000000000E-002                  2.0373480146541675E-001                  5.6090415768713120E+000                  0.0000000000000000E+000                                        0                                        0 
                                      87                  1.2364471483795040E+002                  2.0000000000000000E-002                  2.0296876289379209E-001                  5.5928068596020397E+000                  0.0000000000000000E+000                                        0                                        0 
                                      88                  1.3114925463374817E+002                  2.0000000000000000E-002                  2.0220436270686587E-001                  5.5766026746844739E+000                  0.0000000000000000E+000                                        0                                        0 
                                      89                  1.3875931516904146E+002                  2.0000000000000000E-002                  2.0144167329787835E-001                  5.5604291722634160E+000                  0.0000000000000000E+000                                        0                                        0 
                                      90                  1.4647585974172455E+002                  2.0000000000000000E-002                  2.0068063286869459E-001                  5.5442864537224370E+000                  0.0000000000000000E+000                                        0                                        0 
                                      91                  1.5429983559509338E+002                  2.0000000000000000E-002                  1.9992133127224065E-001                  5.5281745285036408E+000                  0.0000000000000000E+000                                        0                                        0 
                                      92                  1.6223214216015378E+002                  2.0000000000000000E-002                  1.9916366162997276E-001                  5.5120929894526638E+000                  0.0000000000000000E+000                                        0                                        0 
                                      93                  1.7027366510424383E+002                  2.0000000000000000E-002                  1.9840779350626769E-001                  5.4960430450982125E+000                  0.0000000000000000E+000                                        0                                        0 
                                      94                  1.7842532872331020E+002                  2.0000000000000000E-002                  1.9765358523085694E-001                  5.4800235335881720E+000                  0.0000000000000000E+000                                        0                                        0 
                                      95                  1.8668807102597370E+002                  2.0000000000000000E-002                  1.9690124619771324E-001                  5.4640364383582449E+000                  0.0000000000000000E+000                                        0                                        0 
                                      96                  1.9506285508506355E+002                  2.0000000000000000E-002                  1.9615068733048721E-001                  5.4480805715416487E+000                  0.0000000000000000E+000                                        0                                        0 
                                      97                  2.0355066266459806E+002                  2.0000000000000000E-002                  1.9540175353159486E-001                  5.4321555559614296E+000                  0.0000000000000000E+000                                        0                                        0 
                                      98                  2.1215327930493640E+002                  2.0000000000000000E-002                  1.9465460031965157E-001                  5.4162605630465883E+000                  0.0000000000000000E+000                                        0                                        0 
                                      99                  2.2087233060203633E+002                  2.0000000000000000E-002                  1.9390932895773402E-001                  5.4003961927994544E+000                  0.0000000000000000E+000                                        0                                        0 
                                     100                  2.2970835726146194E+002                  2.0000000000000000E-002                  1.9316557372671556E-001                  5.3845601355376020E+000                  0.0000000000000000E+000                                        0                                        0 
                                     101                  2.3866188991434282E+002                  2.0000000000000000E-002                  1.9242374010766378E-001                  5.3687561222009350E+000                  0.0000000000000000E+000                                        0                                        0 
                                     102                  2.4773369091644616E+002                  2.0000000000000000E-002                  1.9168375818111250E-001                  5.3529838771492928E+000                  0.0000000000000000E+000                                        0                                        0 
                                     103                  2.5692469652598089E+002                  2.0000000000000000E-002                  1.9094553506849954E-001                  5.3372425901860687E+000                  0.0000000000000000E+000                                        0                                        0 
                                     104                  2.6623585973752620E+002                  2.0000000000000000E-002                  1.9020924600294356E-001                  5.3215339795396792E+000                  0.0000000000000000E+000                                        0                                        0 
                                     105                  2.7566818973809296E+002                  2.0000000000000000E-002                  1.8947478843287904E-001                  5.3058569594955900E+000                  0.0000000000000000E+000                                        0                                        0 
                                     106                  2.8522272342634153E+002                  2.0000000000000000E-002                  1.8874229368121451E-001                  5.2902129062871808E+000                  0.0000000000000000E+000                                        0                                        0 
                                     107                  2.9490052060409033E+002                  2.0000000000000000E-002                  1.8801161288643972E-001                  5.2746002042997837E+000                  0.0000000000000000E+000                                        0                                        0 
                                     108                  3.0470263503173231E+002                  2.0000000000000000E-002                  1.8728285686242482E-001                  5.2590200929537261E+000                  0.0000000000000000E+000                                        0                                        0 
                                     109                  3.1463012392040571E+002                  2.0000000000000000E-002                  1.8655613371960622E-001                  5.2434733096272419E+000                  0.0000000000000000E+000                                        0                                        0 
                                     110                  3.2468411101252644E+002                  2.0000000000000000E-002                  1.8583123793451004E-001                  5.2279580463834234E+000                  0.0000000000000000E+000                                        0                                        0 
                                     111                  3.3486568155942149E+002                  2.0000000000000000E-002                  1.8510833412205516E-001                  5.2124757437167917E+000                  0.0000000000000000E+000                                        0                                        0 
